# DO NOT EDIT FILE! THE PARAMETERS ARE PROVIDED BY THE MANUFACTURER
part_322226:
  layer_0: [0.000175, -0.029089, -4.97747]
  layer_1: [0.000049, -0.009898, -1.660001]
  layer_2: [-0.000204, 0.028493, 4.975089]
  layer_3: [-0.000078, 0.009305, 1.657614]