# DO NOT EDIT FILE! THE PARAMETERS ARE PROVIDED BY THE MANUFACTURER
correction_params:
  - ang: -45000
    coeff: [0.000175, -0.029089, -4.97747]
  - ang: -15000
    coeff: [0.000049, -0.009898, -1.660001]
  - ang: 15000
    coeff: [-0.000078, 0.009305, 1.657614]
  - ang: 45000
    coeff: [-0.000204, 0.028493, 4.975089]
